"t_max","n_per","k_max","expt_max","sigma_alpha_sq","sd_expt","B","scenario","param","model","expt","est_param","est_se","lower","upper","se_boots_k","lower_boots_normal_k","upper_boots_normal_k","se_boots_k_t","lower_boots_normal_k_t","upper_boots_normal_k_t","est_sigma_alpha_sq","est_sigma_delta_sq","conv","time"
8,"from_data",14,7,0.01716,0.324037,100,2,0.173314,1,0,-0.231926973464801,0.118295188714482,-0.463781282889554,-7.26640400481871e-05,0.114004505210074,-0.455371697751855,-0.00848224917774787,0.117483457891164,-0.462190319710711,-0.00166362721889107,0.0246590174949067,NA,1,39.8114236474037
8,"from_data",14,7,0.01716,0.324037,100,2,-0.276685951504997,1,1,-0.231926973464801,0.118295188714482,-0.463781282889554,-7.26640400481871e-05,0.114004505210074,-0.455371697751855,-0.00848224917774787,0.117483457891164,-0.462190319710711,-0.00166362721889107,0.0246590174949067,NA,1,39.8114236474037
8,"from_data",14,7,0.01716,0.324037,100,2,-0.126685967669998,1,2,-0.231926973464801,0.118295188714482,-0.463781282889554,-7.26640400481871e-05,0.114004505210074,-0.455371697751855,-0.00848224917774787,0.117483457891164,-0.462190319710711,-0.00166362721889107,0.0246590174949067,NA,1,39.8114236474037
8,"from_data",14,7,0.01716,0.324037,100,2,0.0233140161650009,1,3,-0.231926973464801,0.118295188714482,-0.463781282889554,-7.26640400481871e-05,0.114004505210074,-0.455371697751855,-0.00848224917774787,0.117483457891164,-0.462190319710711,-0.00166362721889107,0.0246590174949067,NA,1,39.8114236474037
8,"from_data",14,7,0.01716,0.324037,100,2,0.173314,1,4,-0.231926973464801,0.118295188714482,-0.463781282889554,-7.26640400481871e-05,0.114004505210074,-0.455371697751855,-0.00848224917774787,0.117483457891164,-0.462190319710711,-0.00166362721889107,0.0246590174949067,NA,1,39.8114236474037
8,"from_data",14,7,0.01716,0.324037,100,2,0.323313983834999,1,5,-0.231926973464801,0.118295188714482,-0.463781282889554,-7.26640400481871e-05,0.114004505210074,-0.455371697751855,-0.00848224917774787,0.117483457891164,-0.462190319710711,-0.00166362721889107,0.0246590174949067,NA,1,39.8114236474037
8,"from_data",14,7,0.01716,0.324037,100,2,0.473313967669998,1,6,-0.231926973464801,0.118295188714482,-0.463781282889554,-7.26640400481871e-05,0.114004505210074,-0.455371697751855,-0.00848224917774787,0.117483457891164,-0.462190319710711,-0.00166362721889107,0.0246590174949067,NA,1,39.8114236474037
8,"from_data",14,7,0.01716,0.324037,100,2,0.623313951504997,1,7,-0.231926973464801,0.118295188714482,-0.463781282889554,-7.26640400481871e-05,0.114004505210074,-0.455371697751855,-0.00848224917774787,0.117483457891164,-0.462190319710711,-0.00166362721889107,0.0246590174949067,NA,1,39.8114236474037
8,"from_data",14,7,0.01716,0.324037,100,2,0.173314,4,0,0.193381545540058,0.114240634561429,-0.0305259837713446,0.417289074851462,0.116951455880266,-0.0358390959247888,0.422602187004906,0.107415535026501,-0.0171490344919839,0.403912125572101,0.00367070039746171,NA,1,39.8114236474037
8,"from_data",14,7,0.01716,0.324037,100,2,-0.276685951504997,4,1,-0.334347180697521,0.112683095913103,-0.555201990353674,-0.113492371041367,0.116951455880266,-0.563567822162368,-0.105126539232674,0.107415535026501,-0.544877760729563,-0.123816600665478,0.00367070039746171,NA,1,39.8114236474037
8,"from_data",14,7,0.01716,0.324037,100,2,-0.126685967669998,4,2,-0.120326476643595,0.131266896360527,-0.37760486587258,0.13695191258539,0.116951455880266,-0.349547118108442,0.108894164821252,0.107415535026501,-0.330857056675637,0.0902041033884474,0.00367070039746171,NA,1,39.8114236474037
8,"from_data",14,7,0.01716,0.324037,100,2,0.0233140161650009,4,3,0.174010132206849,0.141785811473953,-0.103884951800886,0.451905216214583,0.116951455880266,-0.0552105092579987,0.403230773671696,0.107415535026501,-0.0365204478251938,0.384540712238891,0.00367070039746171,NA,1,39.8114236474037
8,"from_data",14,7,0.01716,0.324037,100,2,0.173314,4,4,0.175070255137992,0.164176969456627,-0.14671069208793,0.496851202363914,0.116951455880266,-0.0541503863268556,0.404290896602839,0.107415535026501,-0.0354603248940507,0.385600835170034,0.00367070039746171,NA,1,39.8114236474037
8,"from_data",14,7,0.01716,0.324037,100,2,0.323313983834999,4,5,0.252376327333001,0.17979027465404,-0.100006135759481,0.604758790425483,0.116951455880266,0.0231556858681537,0.481596968797848,0.107415535026501,0.0418457473009586,0.462906907365043,0.00367070039746171,NA,1,39.8114236474037
8,"from_data",14,7,0.01716,0.324037,100,2,0.473313967669998,4,6,0.368071753629639,0.229493942485818,-0.0817281083126705,0.817871615571949,0.116951455880266,0.138851112164792,0.597292395094487,0.107415535026501,0.157541173597597,0.578602333661682,0.00367070039746171,NA,1,39.8114236474037
8,"from_data",14,7,0.01716,0.324037,100,2,0.623313951504997,4,7,0.838816007814045,0.321717655780357,0.208260989293891,1.4693710263342,0.116951455880266,0.609595366349197,1.06803664927889,0.107415535026501,0.628285427782002,1.04934658784609,0.00367070039746171,NA,1,39.8114236474037
8,"from_data",14,7,0.01716,0.324037,100,2,0.173314,5,0,0.0619526668075262,0.163139582026856,-0.257795038418029,0.381700372033082,0.145307173330833,-0.222844159616225,0.346749493231277,0.128172195422922,-0.18926022004083,0.313165553655882,0.00735983780144708,0.053650164909482,1,39.8114236474037
8,"from_data",14,7,0.01716,0.324037,100,2,-0.276685951504997,5,1,-0.312996463927107,0.18447754303231,-0.674565804226873,0.0485728763726584,0.145307173330833,-0.597793290350858,-0.0281996375033561,0.128172195422922,-0.564209350775463,-0.0617835770787514,0.00735983780144708,0.053650164909482,1,39.8114236474037
8,"from_data",14,7,0.01716,0.324037,100,2,-0.126685967669998,5,2,-0.116197685363498,0.190712741744707,-0.489987790576012,0.257592419849016,0.145307173330833,-0.400994511787249,0.168599141060253,0.128172195422922,-0.367410572211854,0.135015201484858,0.00735983780144708,0.053650164909482,1,39.8114236474037
8,"from_data",14,7,0.01716,0.324037,100,2,0.0233140161650009,5,3,0.109416067643276,0.192529430346906,-0.267934681800672,0.486766817087225,0.145307173330833,-0.175380758780475,0.394212894067028,0.128172195422922,-0.141796819205079,0.360628954491632,0.00735983780144708,0.053650164909482,1,39.8114236474037
8,"from_data",14,7,0.01716,0.324037,100,2,0.173314,5,4,0.0946765004654056,0.2005600364613,-0.298413947736783,0.487766948667594,0.145307173330833,-0.190120325958346,0.379473326889157,0.128172195422922,-0.15653638638295,0.345889387313761,0.00735983780144708,0.053650164909482,1,39.8114236474037
8,"from_data",14,7,0.01716,0.324037,100,2,0.323313983834999,5,5,0.135440452281602,0.203735151662234,-0.263873107361182,0.534754011924386,0.145307173330833,-0.149356374142149,0.420237278705353,0.128172195422922,-0.115772434566754,0.386653339129958,0.00735983780144708,0.053650164909482,1,39.8114236474037
8,"from_data",14,7,0.01716,0.324037,100,2,0.473313967669998,5,6,0.176878021418335,0.218816033072614,-0.251993522643914,0.605749565480584,0.145307173330833,-0.107918805005416,0.461674847842086,0.128172195422922,-0.0743348654300209,0.428090908266691,0.00735983780144708,0.053650164909482,1,39.8114236474037
8,"from_data",14,7,0.01716,0.324037,100,2,0.623313951504997,5,7,0.331284633263741,0.235894511429757,-0.131060113289254,0.793629379816737,0.145307173330833,0.04648780683999,0.616081459687492,0.128172195422922,0.0800717464153853,0.582497520112097,0.00735983780144708,0.053650164909482,1,39.8114236474037
8,"from_data",14,7,0.01716,0.324037,100,2,0.173314,1,0,-0.218121137867714,0.113193891341932,-0.43997708816784,0.00373481243241172,0.108304721227544,-0.430394490829352,-0.00584778490607687,0.103096812528787,-0.420187177345015,-0.0160550983904132,0.0351020121082336,NA,1,39.8114236474037
8,"from_data",14,7,0.01716,0.324037,100,2,-0.276685951504997,1,1,-0.218121137867714,0.113193891341932,-0.43997708816784,0.00373481243241172,0.108304721227544,-0.430394490829352,-0.00584778490607687,0.103096812528787,-0.420187177345015,-0.0160550983904132,0.0351020121082336,NA,1,39.8114236474037
8,"from_data",14,7,0.01716,0.324037,100,2,-0.126685967669998,1,2,-0.218121137867714,0.113193891341932,-0.43997708816784,0.00373481243241172,0.108304721227544,-0.430394490829352,-0.00584778490607687,0.103096812528787,-0.420187177345015,-0.0160550983904132,0.0351020121082336,NA,1,39.8114236474037
8,"from_data",14,7,0.01716,0.324037,100,2,0.0233140161650009,1,3,-0.218121137867714,0.113193891341932,-0.43997708816784,0.00373481243241172,0.108304721227544,-0.430394490829352,-0.00584778490607687,0.103096812528787,-0.420187177345015,-0.0160550983904132,0.0351020121082336,NA,1,39.8114236474037
8,"from_data",14,7,0.01716,0.324037,100,2,0.173314,1,4,-0.218121137867714,0.113193891341932,-0.43997708816784,0.00373481243241172,0.108304721227544,-0.430394490829352,-0.00584778490607687,0.103096812528787,-0.420187177345015,-0.0160550983904132,0.0351020121082336,NA,1,39.8114236474037
8,"from_data",14,7,0.01716,0.324037,100,2,0.323313983834999,1,5,-0.218121137867714,0.113193891341932,-0.43997708816784,0.00373481243241172,0.108304721227544,-0.430394490829352,-0.00584778490607687,0.103096812528787,-0.420187177345015,-0.0160550983904132,0.0351020121082336,NA,1,39.8114236474037
8,"from_data",14,7,0.01716,0.324037,100,2,0.473313967669998,1,6,-0.218121137867714,0.113193891341932,-0.43997708816784,0.00373481243241172,0.108304721227544,-0.430394490829352,-0.00584778490607687,0.103096812528787,-0.420187177345015,-0.0160550983904132,0.0351020121082336,NA,1,39.8114236474037
8,"from_data",14,7,0.01716,0.324037,100,2,0.623313951504997,1,7,-0.218121137867714,0.113193891341932,-0.43997708816784,0.00373481243241172,0.108304721227544,-0.430394490829352,-0.00584778490607687,0.103096812528787,-0.420187177345015,-0.0160550983904132,0.0351020121082336,NA,1,39.8114236474037
8,"from_data",14,7,0.01716,0.324037,100,2,0.173314,4,0,0.228294836799894,0.146951185128606,-0.0597241935376512,0.516313867137439,0.142914423812863,-0.0518122867446102,0.508401960344398,0.133091334969999,-0.0325593863956599,0.489149059995448,0.024064240434946,NA,1,39.8114236474037
8,"from_data",14,7,0.01716,0.324037,100,2,-0.276685951504997,4,1,-0.339907813938861,0.121183762706369,-0.577423624354393,-0.10239200352333,0.142914423812863,-0.620014937483366,-0.0598006903943571,0.133091334969999,-0.600762037134416,-0.0790535907433075,0.024064240434946,NA,1,39.8114236474037
8,"from_data",14,7,0.01716,0.324037,100,2,-0.126685967669998,4,2,0.0382019192108758,0.144945057318742,-0.245885172870952,0.322289011292704,0.142914423812863,-0.241905204333629,0.31830904275538,0.133091334969999,-0.222652303984678,0.29905614240643,0.024064240434946,NA,1,39.8114236474037
8,"from_data",14,7,0.01716,0.324037,100,2,0.0233140161650009,4,3,0.122754961367609,0.158742866624324,-0.188375340018712,0.433885262753929,0.142914423812863,-0.157352162176896,0.402862084912113,0.133091334969999,-0.138099261827945,0.383609184563163,0.024064240434946,NA,1,39.8114236474037
8,"from_data",14,7,0.01716,0.324037,100,2,0.173314,4,4,0.191585992696617,0.187580662380156,-0.176065349764657,0.559237335157891,0.142914423812863,-0.0885211308478873,0.471693116241121,0.133091334969999,-0.069268230498937,0.452440215892171,0.024064240434946,NA,1,39.8114236474037
8,"from_data",14,7,0.01716,0.324037,100,2,0.323313983834999,4,5,0.248507017355672,0.208791207521625,-0.160716229675341,0.657730264386685,0.142914423812863,-0.0316001061888323,0.528614140900176,0.133091334969999,-0.012347205839882,0.509361240551226,0.024064240434946,NA,1,39.8114236474037
8,"from_data",14,7,0.01716,0.324037,100,2,0.473313967669998,4,6,0.441720724232579,0.266314664168581,-0.0802464260927188,0.963687874557877,0.142914423812863,0.161613600688075,0.721827847777083,0.133091334969999,0.180866501037025,0.702574947428133,0.024064240434946,NA,1,39.8114236474037
8,"from_data",14,7,0.01716,0.324037,100,2,0.623313951504997,4,7,0.895201056674768,0.36823613752463,0.173471489320355,1.61693062402918,0.142914423812863,0.615093933130263,1.17530818021927,0.133091334969999,0.634346833479214,1.15605527987032,0.024064240434946,NA,1,39.8114236474037
8,"from_data",14,7,0.01716,0.324037,100,2,0.173314,5,0,0.0285785610826788,0.176952096563894,-0.318241175171408,0.375398297336765,0.155425444622688,-0.276049712658914,0.333206834824271,0.14293460877172,-0.251568124254215,0.308725246419573,0.0265137183558513,0.0436981717176133,1,39.8114236474037
8,"from_data",14,7,0.01716,0.324037,100,2,-0.276685951504997,5,1,-0.335271314869803,0.197509423071981,-0.722382670698171,0.0518400409585639,0.155425444622688,-0.639899588611396,-0.0306430411282106,0.14293460877172,-0.615418000206698,-0.0551246295329091,0.0265137183558513,0.0436981717176133,1,39.8114236474037
8,"from_data",14,7,0.01716,0.324037,100,2,-0.126685967669998,5,2,-0.0221401248428584,0.203598623104058,-0.421186093428756,0.376905843743039,0.155425444622688,-0.326768398584451,0.282488148898734,0.14293460877172,-0.302286810179753,0.258006560494036,0.0265137183558513,0.0436981717176133,1,39.8114236474037
8,"from_data",14,7,0.01716,0.324037,100,2,0.0233140161650009,5,3,0.0209501024082675,0.204561067721755,-0.379982222965432,0.421882427781967,0.155425444622688,-0.283678171333325,0.32557837614986,0.14293460877172,-0.259196582928627,0.301096787745162,0.0265137183558513,0.0436981717176133,1,39.8114236474037
8,"from_data",14,7,0.01716,0.324037,100,2,0.173314,5,4,0.0548495321123448,0.211809052992069,-0.360288583351645,0.469987647576335,0.155425444622688,-0.249778741629248,0.359477805853938,0.14293460877172,-0.225297153224549,0.334996217449239,0.0265137183558513,0.0436981717176133,1,39.8114236474037
8,"from_data",14,7,0.01716,0.324037,100,2,0.323313983834999,5,5,0.0752929457866687,0.21482425780555,-0.345754862517757,0.496340754091094,0.155425444622688,-0.229335327954924,0.379921219528261,0.14293460877172,-0.204853739550226,0.355439631123563,0.0265137183558513,0.0436981717176133,1,39.8114236474037
8,"from_data",14,7,0.01716,0.324037,100,2,0.473313967669998,5,6,0.144376825105255,0.227907426349416,-0.302313522348815,0.591067172559326,0.155425444622688,-0.160251448636337,0.449005098846848,0.14293460877172,-0.135769860231639,0.42452351044215,0.0265137183558513,0.0436981717176133,1,39.8114236474037
8,"from_data",14,7,0.01716,0.324037,100,2,0.623313951504997,5,7,0.248581267843679,0.241614530909701,-0.224974510880875,0.722137046568233,0.155425444622688,-0.0560470058979134,0.553209541585272,0.14293460877172,-0.0315654174932148,0.528727953180574,0.0265137183558513,0.0436981717176133,1,39.8114236474037
8,"from_data",14,7,0.01716,0.324037,100,2,0.173314,1,0,-0.473901681152987,0.120521100673806,-0.710118697850773,-0.237684664455201,0.107517102374465,-0.684631329529045,-0.26317203277693,0.114605857203239,-0.698525033688675,-0.249278328617299,0.0532861227833053,NA,1,39.8114236474037
8,"from_data",14,7,0.01716,0.324037,100,2,-0.276685951504997,1,1,-0.473901681152987,0.120521100673806,-0.710118697850773,-0.237684664455201,0.107517102374465,-0.684631329529045,-0.26317203277693,0.114605857203239,-0.698525033688675,-0.249278328617299,0.0532861227833053,NA,1,39.8114236474037
8,"from_data",14,7,0.01716,0.324037,100,2,-0.126685967669998,1,2,-0.473901681152987,0.120521100673806,-0.710118697850773,-0.237684664455201,0.107517102374465,-0.684631329529045,-0.26317203277693,0.114605857203239,-0.698525033688675,-0.249278328617299,0.0532861227833053,NA,1,39.8114236474037
8,"from_data",14,7,0.01716,0.324037,100,2,0.0233140161650009,1,3,-0.473901681152987,0.120521100673806,-0.710118697850773,-0.237684664455201,0.107517102374465,-0.684631329529045,-0.26317203277693,0.114605857203239,-0.698525033688675,-0.249278328617299,0.0532861227833053,NA,1,39.8114236474037
8,"from_data",14,7,0.01716,0.324037,100,2,0.173314,1,4,-0.473901681152987,0.120521100673806,-0.710118697850773,-0.237684664455201,0.107517102374465,-0.684631329529045,-0.26317203277693,0.114605857203239,-0.698525033688675,-0.249278328617299,0.0532861227833053,NA,1,39.8114236474037
8,"from_data",14,7,0.01716,0.324037,100,2,0.323313983834999,1,5,-0.473901681152987,0.120521100673806,-0.710118697850773,-0.237684664455201,0.107517102374465,-0.684631329529045,-0.26317203277693,0.114605857203239,-0.698525033688675,-0.249278328617299,0.0532861227833053,NA,1,39.8114236474037
8,"from_data",14,7,0.01716,0.324037,100,2,0.473313967669998,1,6,-0.473901681152987,0.120521100673806,-0.710118697850773,-0.237684664455201,0.107517102374465,-0.684631329529045,-0.26317203277693,0.114605857203239,-0.698525033688675,-0.249278328617299,0.0532861227833053,NA,1,39.8114236474037
8,"from_data",14,7,0.01716,0.324037,100,2,0.623313951504997,1,7,-0.473901681152987,0.120521100673806,-0.710118697850773,-0.237684664455201,0.107517102374465,-0.684631329529045,-0.26317203277693,0.114605857203239,-0.698525033688675,-0.249278328617299,0.0532861227833053,NA,1,39.8114236474037
8,"from_data",14,7,0.01716,0.324037,100,2,0.173314,4,0,0.0359468515805596,0.145764241529075,-0.249745812050225,0.321639515211344,0.130630241124952,-0.22008371631613,0.291977419477249,0.152152426041952,-0.262266423622061,0.33416012678318,0.0180448235942295,NA,1,39.8114236474037
8,"from_data",14,7,0.01716,0.324037,100,2,-0.276685951504997,4,1,-0.428829072685866,0.121002059524144,-0.665988751408359,-0.191669393963372,0.130630241124952,-0.684859640582555,-0.172798504789177,0.152152426041952,-0.727042347888487,-0.130615797483245,0.0180448235942295,NA,1,39.8114236474037
8,"from_data",14,7,0.01716,0.324037,100,2,-0.126685967669998,4,2,-0.192620960008174,0.143435856750135,-0.473750073330085,0.0885081533137364,0.130630241124952,-0.448651527904864,0.063409607888515,0.152152426041952,-0.490834235210795,0.105592315194447,0.0180448235942295,NA,1,39.8114236474037
8,"from_data",14,7,0.01716,0.324037,100,2,0.0233140161650009,4,3,-0.270732993161904,0.154305998243511,-0.573167192317686,0.0317012059938782,0.130630241124952,-0.526763561058593,-0.0147024252652144,0.152152426041952,-0.568946268364525,0.0274802820407171,0.0180448235942295,NA,1,39.8114236474037
8,"from_data",14,7,0.01716,0.324037,100,2,0.173314,4,4,0.0298485382190934,0.185158354657068,-0.333055168345453,0.39275224478364,0.130630241124952,-0.226182029677596,0.285879106115783,0.152152426041952,-0.268364736983527,0.328061813421714,0.0180448235942295,NA,1,39.8114236474037
8,"from_data",14,7,0.01716,0.324037,100,2,0.323313983834999,4,5,0.182232934571409,0.211576023006041,-0.232448450512649,0.596914319655467,0.130630241124952,-0.0737976333252804,0.438263502468098,0.152152426041952,-0.115980340631212,0.48044620977403,0.0180448235942295,NA,1,39.8114236474037
8,"from_data",14,7,0.01716,0.324037,100,2,0.473313967669998,4,6,0.382891382237985,0.270639188271405,-0.147551679579124,0.913334444055095,0.130630241124952,0.126860814341296,0.638921950134675,0.152152426041952,0.0846781070353647,0.681104657440606,0.0180448235942295,NA,1,39.8114236474037
8,"from_data",14,7,0.01716,0.324037,100,2,0.623313951504997,4,7,0.548838131891373,0.341238820128512,-0.119977665687452,1.2176539294702,0.130630241124952,0.292807563994684,0.804868699788062,0.152152426041952,0.250624856688752,0.847051407093994,0.0180448235942295,NA,1,39.8114236474037
8,"from_data",14,7,0.01716,0.324037,100,2,0.173314,5,0,-0.235871207218873,0.22351754895551,-0.673957553084341,0.202215138646595,0.18471779293602,-0.5979114286772,0.126169014239454,0.202461566773634,-0.632688586348747,0.160946171911001,0.0332877680877689,0.0311083395367588,1,39.8114236474037
8,"from_data",14,7,0.01716,0.324037,100,2,-0.276685951504997,5,1,-0.46947992140898,0.238943013365662,-0.937799621963151,-0.00116022085480982,0.18471779293602,-0.831520142867307,-0.107439699950653,0.202461566773634,-0.866297300538855,-0.0726625422791057,0.0332877680877689,0.0311083395367588,1,39.8114236474037
8,"from_data",14,7,0.01716,0.324037,100,2,-0.126685967669998,5,2,-0.292901714736339,0.24310197116731,-0.769372822794962,0.183569393322284,0.18471779293602,-0.654941936194666,0.069138506721988,0.202461566773634,-0.689719093866213,0.103915664393536,0.0332877680877689,0.0311083395367588,1,39.8114236474037
8,"from_data",14,7,0.01716,0.324037,100,2,0.0233140161650009,5,3,-0.37658532537779,0.243150885755108,-0.853152304266816,0.0999816535112349,0.18471779293602,-0.738625546836117,-0.0145451039194637,0.202461566773634,-0.773402704507665,0.020232053752084,0.0332877680877689,0.0311083395367588,1,39.8114236474037
8,"from_data",14,7,0.01716,0.324037,100,2,0.173314,5,4,-0.190770731297617,0.248814702102134,-0.678438586241863,0.296897123646628,0.18471779293602,-0.552810952755944,0.171269490160709,0.202461566773634,-0.587588110427492,0.206046647832257,0.0332877680877689,0.0311083395367588,1,39.8114236474037
8,"from_data",14,7,0.01716,0.324037,100,2,0.323313983834999,5,5,-0.133382791359302,0.251368159057483,-0.626055329972104,0.359289747253499,0.18471779293602,-0.495423012817629,0.228657430099024,0.202461566773634,-0.530200170489177,0.263434587770572,0.0332877680877689,0.0311083395367588,1,39.8114236474037
8,"from_data",14,7,0.01716,0.324037,100,2,0.473313967669998,5,6,-0.0967128873008999,0.2595493217306,-0.605420210104675,0.411994435502875,0.18471779293602,-0.458753108759227,0.265327334157427,0.202461566773634,-0.493530266430774,0.300104491828975,0.0332877680877689,0.0311083395367588,1,39.8114236474037
8,"from_data",14,7,0.01716,0.324037,100,2,0.623313951504997,5,7,-0.100048028464791,0.265813447609917,-0.621032812386652,0.42093675545707,0.18471779293602,-0.462088249923118,0.261992192993536,0.202461566773634,-0.496865407594666,0.296769350665083,0.0332877680877689,0.0311083395367588,1,39.8114236474037
8,"from_data",14,7,0.01716,0.324037,100,2,0.173314,1,0,-0.352995620325022,0.122733395927972,-0.593548656044142,-0.112442584605903,0.130650364841771,-0.609065629981911,-0.0969256106681334,0.116186570559768,-0.580717114109389,-0.125274126540655,0.0421299974513093,NA,1,39.8114236474037
8,"from_data",14,7,0.01716,0.324037,100,2,-0.276685951504997,1,1,-0.352995620325022,0.122733395927972,-0.593548656044142,-0.112442584605903,0.130650364841771,-0.609065629981911,-0.0969256106681334,0.116186570559768,-0.580717114109389,-0.125274126540655,0.0421299974513093,NA,1,39.8114236474037
8,"from_data",14,7,0.01716,0.324037,100,2,-0.126685967669998,1,2,-0.352995620325022,0.122733395927972,-0.593548656044142,-0.112442584605903,0.130650364841771,-0.609065629981911,-0.0969256106681334,0.116186570559768,-0.580717114109389,-0.125274126540655,0.0421299974513093,NA,1,39.8114236474037
8,"from_data",14,7,0.01716,0.324037,100,2,0.0233140161650009,1,3,-0.352995620325022,0.122733395927972,-0.593548656044142,-0.112442584605903,0.130650364841771,-0.609065629981911,-0.0969256106681334,0.116186570559768,-0.580717114109389,-0.125274126540655,0.0421299974513093,NA,1,39.8114236474037
8,"from_data",14,7,0.01716,0.324037,100,2,0.173314,1,4,-0.352995620325022,0.122733395927972,-0.593548656044142,-0.112442584605903,0.130650364841771,-0.609065629981911,-0.0969256106681334,0.116186570559768,-0.580717114109389,-0.125274126540655,0.0421299974513093,NA,1,39.8114236474037
8,"from_data",14,7,0.01716,0.324037,100,2,0.323313983834999,1,5,-0.352995620325022,0.122733395927972,-0.593548656044142,-0.112442584605903,0.130650364841771,-0.609065629981911,-0.0969256106681334,0.116186570559768,-0.580717114109389,-0.125274126540655,0.0421299974513093,NA,1,39.8114236474037
8,"from_data",14,7,0.01716,0.324037,100,2,0.473313967669998,1,6,-0.352995620325022,0.122733395927972,-0.593548656044142,-0.112442584605903,0.130650364841771,-0.609065629981911,-0.0969256106681334,0.116186570559768,-0.580717114109389,-0.125274126540655,0.0421299974513093,NA,1,39.8114236474037
8,"from_data",14,7,0.01716,0.324037,100,2,0.623313951504997,1,7,-0.352995620325022,0.122733395927972,-0.593548656044142,-0.112442584605903,0.130650364841771,-0.609065629981911,-0.0969256106681334,0.116186570559768,-0.580717114109389,-0.125274126540655,0.0421299974513093,NA,1,39.8114236474037
8,"from_data",14,7,0.01716,0.324037,100,2,0.173314,4,0,0.234593159110257,0.108702336786016,0.0215404939743221,0.447645824246192,0.118541504530968,0.00225607955636747,0.466930238664147,0.102806315815903,0.0330964827278377,0.436089835492677,0.000928118554447103,NA,1,39.8114236474037
8,"from_data",14,7,0.01716,0.324037,100,2,-0.276685951504997,4,1,-0.295864019537161,0.112103816315341,-0.515583462044723,-0.0761445770295993,0.118541504530968,-0.528201099091051,-0.0635269399832713,0.102806315815903,-0.49736069591958,-0.0943673431547415,0.000928118554447103,NA,1,39.8114236474037
8,"from_data",14,7,0.01716,0.324037,100,2,-0.126685967669998,4,2,-0.338953985484946,0.126979532159901,-0.587829295292097,-0.0900786756777936,0.118541504530968,-0.571291065038835,-0.106616905931056,0.102806315815903,-0.540450661867365,-0.137457309102526,0.000928118554447103,NA,1,39.8114236474037
8,"from_data",14,7,0.01716,0.324037,100,2,0.0233140161650009,4,3,0.0371072948257648,0.136113014328413,-0.229669311085108,0.303883900736638,0.118541504530968,-0.195229784728125,0.269444374379655,0.102806315815903,-0.164389381556655,0.238603971208184,0.000928118554447103,NA,1,39.8114236474037
8,"from_data",14,7,0.01716,0.324037,100,2,0.173314,4,4,0.367479667689077,0.164204683545654,0.0456444018467978,0.689314933531355,0.118541504530968,0.135142588135187,0.599816747242966,0.102806315815903,0.165982991306657,0.568976344071496,0.000928118554447103,NA,1,39.8114236474037
8,"from_data",14,7,0.01716,0.324037,100,2,0.323313983834999,4,5,0.493478764330292,0.181151186770717,0.138428962502999,0.848528566157586,0.118541504530968,0.261141684776402,0.725815843884182,0.102806315815903,0.291982087947873,0.694975440712712,0.000928118554447103,NA,1,39.8114236474037
8,"from_data",14,7,0.01716,0.324037,100,2,0.473313967669998,4,6,0.383576261499064,0.223503586807487,-0.0544827190591325,0.82163524205726,0.118541504530968,0.151239181945174,0.615913341052953,0.102806315815903,0.182079585116644,0.585072937881483,0.000928118554447103,NA,1,39.8114236474037
8,"from_data",14,7,0.01716,0.324037,100,2,0.623313951504997,4,7,0.99532813044971,0.330453133875912,0.34765188947453,1.64300437142489,0.118541504530968,0.76299105089582,1.2276652100036,0.102806315815903,0.79383145406729,1.19682480683213,0.000928118554447103,NA,1,39.8114236474037
8,"from_data",14,7,0.01716,0.324037,100,2,0.173314,5,0,0.138370061003779,0.187242560519706,-0.228618613987906,0.505358735995464,0.143030124924646,-0.141963832552792,0.41870395456035,0.126729904038018,-0.110015986674952,0.38675610868251,0.00532197632249246,0.123144188987905,1,39.8114236474037
8,"from_data",14,7,0.01716,0.324037,100,2,-0.276685951504997,5,1,-0.293434770940807,0.207652193363844,-0.700425591244688,0.113556049363075,0.143030124924646,-0.573768664497378,-0.0131008773842353,0.126729904038018,-0.541820818619538,-0.0450487232620752,0.00532197632249246,0.123144188987905,1,39.8114236474037
8,"from_data",14,7,0.01716,0.324037,100,2,-0.126685967669998,5,2,-0.317679536934763,0.213208896354317,-0.735561294972757,0.100202221103232,0.143030124924646,-0.598013430491334,-0.0373456433781915,0.126729904038018,-0.566065584613494,-0.0692934892560314,0.00532197632249246,0.123144188987905,1,39.8114236474037
8,"from_data",14,7,0.01716,0.324037,100,2,0.0233140161650009,5,3,0.0165556626860828,0.215333710844063,-0.405490655225643,0.438601980597808,0.143030124924646,-0.263778230870489,0.296889556242654,0.126729904038018,-0.231830384992649,0.264941710364814,0.00532197632249246,0.123144188987905,1,39.8114236474037
8,"from_data",14,7,0.01716,0.324037,100,2,0.173314,5,4,0.29756795853796,0.227725847887642,-0.148766501670664,0.743902418746585,0.143030124924646,0.0172340649813891,0.577901852094532,0.126729904038018,0.049181910859229,0.545954006216692,0.00532197632249246,0.123144188987905,1,39.8114236474037
8,"from_data",14,7,0.01716,0.324037,100,2,0.323313983834999,5,5,0.38642967104597,0.232911060585929,-0.0700676193034769,0.842926961395417,0.143030124924646,0.106095777489399,0.666763564602541,0.126729904038018,0.138043623367239,0.634815718724701,0.00532197632249246,0.123144188987905,1,39.8114236474037
8,"from_data",14,7,0.01716,0.324037,100,2,0.473313967669998,5,6,0.266565082203113,0.250090756825306,-0.223603794040851,0.756733958447078,0.143030124924646,-0.0137688113534579,0.546898975759685,0.126729904038018,0.018179034524382,0.514951129881845,0.00532197632249246,0.123144188987905,1,39.8114236474037
8,"from_data",14,7,0.01716,0.324037,100,2,0.623313951504997,5,7,0.586504713673928,0.283253093036006,0.0313388528137833,1.14167057453407,0.143030124924646,0.306170820117357,0.866838607230499,0.126729904038018,0.338118665995196,0.834890761352659,0.00532197632249246,0.123144188987905,1,39.8114236474037
8,"from_data",14,7,0.01716,0.324037,100,2,0.173314,1,0,-0.0642415111061904,0.117404151051292,-0.294349418802223,0.165866396589842,0.12075154333086,-0.300910187112304,0.172427164899923,0.125382468002287,-0.309986632683419,0.181503610471038,0.0189921467056222,NA,1,39.8114236474037
8,"from_data",14,7,0.01716,0.324037,100,2,-0.276685951504997,1,1,-0.0642415111061904,0.117404151051292,-0.294349418802223,0.165866396589842,0.12075154333086,-0.300910187112304,0.172427164899923,0.125382468002287,-0.309986632683419,0.181503610471038,0.0189921467056222,NA,1,39.8114236474037
8,"from_data",14,7,0.01716,0.324037,100,2,-0.126685967669998,1,2,-0.0642415111061904,0.117404151051292,-0.294349418802223,0.165866396589842,0.12075154333086,-0.300910187112304,0.172427164899923,0.125382468002287,-0.309986632683419,0.181503610471038,0.0189921467056222,NA,1,39.8114236474037
8,"from_data",14,7,0.01716,0.324037,100,2,0.0233140161650009,1,3,-0.0642415111061904,0.117404151051292,-0.294349418802223,0.165866396589842,0.12075154333086,-0.300910187112304,0.172427164899923,0.125382468002287,-0.309986632683419,0.181503610471038,0.0189921467056222,NA,1,39.8114236474037
8,"from_data",14,7,0.01716,0.324037,100,2,0.173314,1,4,-0.0642415111061904,0.117404151051292,-0.294349418802223,0.165866396589842,0.12075154333086,-0.300910187112304,0.172427164899923,0.125382468002287,-0.309986632683419,0.181503610471038,0.0189921467056222,NA,1,39.8114236474037
8,"from_data",14,7,0.01716,0.324037,100,2,0.323313983834999,1,5,-0.0642415111061904,0.117404151051292,-0.294349418802223,0.165866396589842,0.12075154333086,-0.300910187112304,0.172427164899923,0.125382468002287,-0.309986632683419,0.181503610471038,0.0189921467056222,NA,1,39.8114236474037
8,"from_data",14,7,0.01716,0.324037,100,2,0.473313967669998,1,6,-0.0642415111061904,0.117404151051292,-0.294349418802223,0.165866396589842,0.12075154333086,-0.300910187112304,0.172427164899923,0.125382468002287,-0.309986632683419,0.181503610471038,0.0189921467056222,NA,1,39.8114236474037
8,"from_data",14,7,0.01716,0.324037,100,2,0.623313951504997,1,7,-0.0642415111061904,0.117404151051292,-0.294349418802223,0.165866396589842,0.12075154333086,-0.300910187112304,0.172427164899923,0.125382468002287,-0.309986632683419,0.181503610471038,0.0189921467056222,NA,1,39.8114236474037
8,"from_data",14,7,0.01716,0.324037,100,2,0.173314,4,0,0.358647595632999,0.103017711577115,0.156736591172118,0.56055860009388,0.119425728802801,0.124577468352061,0.592717722913937,0.110953352489046,0.14118302079049,0.576112170475507,0,NA,1,39.8114236474037
8,"from_data",14,7,0.01716,0.324037,100,2,-0.276685951504997,4,1,-0.145704689580871,0.11029212090818,-0.361873274339441,0.0704638951776989,0.119425728802801,-0.379774816861809,0.0883654377000666,0.110953352489046,-0.36316926442338,0.0717598852616373,0,NA,1,39.8114236474037
8,"from_data",14,7,0.01716,0.324037,100,2,-0.126685967669998,4,2,0.00461160982116405,0.126027211875435,-0.242397186526686,0.251620406169015,0.119425728802801,-0.229458517459774,0.238681737102102,0.110953352489046,-0.212852965021344,0.222076184663673,0,NA,1,39.8114236474037
8,"from_data",14,7,0.01716,0.324037,100,2,0.0233140161650009,4,3,0.247846563473212,0.133732377062196,-0.0142640791356227,0.509957206082047,0.119425728802801,0.0137764361922741,0.48191669075415,0.110953352489046,0.0303819886307035,0.46531113831572,0,NA,1,39.8114236474037
8,"from_data",14,7,0.01716,0.324037,100,2,0.173314,4,4,0.573728843817207,0.165625656708724,0.249108521752312,0.898349165882101,0.119425728802801,0.339658716536269,0.807798971098144,0.110953352489046,0.356264268974698,0.791193418659715,0,NA,1,39.8114236474037
8,"from_data",14,7,0.01716,0.324037,100,2,0.323313983834999,4,5,0.234821896628454,0.168593060981374,-0.0956144309384035,0.565258224195311,0.119425728802801,0.000751769347516085,0.468892023909392,0.110953352489046,0.0173573217859455,0.452286471470962,0,NA,1,39.8114236474037
8,"from_data",14,7,0.01716,0.324037,100,2,0.473313967669998,4,6,0.997688017808672,0.24020458705991,0.526895678249932,1.46848035736741,0.119425728802801,0.763617890527734,1.23175814508961,0.110953352489046,0.780223442966163,1.21515259265118,0,NA,1,39.8114236474037
8,"from_data",14,7,0.01716,0.324037,100,2,0.623313951504997,4,7,0.597540927463155,0.281453853393838,0.0459015115012156,1.1491803434251,0.119425728802801,0.363470800182218,0.831611054744093,0.110953352489046,0.380076352620647,0.815005502305664,0,NA,1,39.8114236474037
8,"from_data",14,7,0.01716,0.324037,100,2,0.173314,5,0,0.291798548035609,0.168159493938422,-0.0377880037421789,0.621385099813398,0.133871716321831,0.0294148054962585,0.55418229057496,0.121881090873808,0.0529159995264916,0.530681096544727,0.000695705469137682,0.0925133430607113,1,39.8114236474037
8,"from_data",14,7,0.01716,0.324037,100,2,-0.276685951504997,5,1,-0.123748315562008,0.189344692755025,-0.494857094025659,0.247360462901642,0.133871716321831,-0.386132058101359,0.138635426977343,0.121881090873808,-0.362630864071126,0.11513423294711,0.000695705469137682,0.0925133430607113,1,39.8114236474037
8,"from_data",14,7,0.01716,0.324037,100,2,-0.126685967669998,5,2,0.0211116893963252,0.195943504408902,-0.362930522249688,0.405153901042339,0.133871716321831,-0.241272053143026,0.283495431935676,0.121881090873808,-0.217770859112793,0.259994237905443,0.000695705469137682,0.0925133430607113,1,39.8114236474037
8,"from_data",14,7,0.01716,0.324037,100,2,0.0233140161650009,5,3,0.230340236866465,0.197429140416294,-0.156613767848171,0.617294241581102,0.133871716321831,-0.0320435056728858,0.492723979405816,0.121881090873808,-0.00854231164265273,0.469222785375583,0.000695705469137682,0.0925133430607113,1,39.8114236474037
8,"from_data",14,7,0.01716,0.324037,100,2,0.173314,5,4,0.498868769058305,0.211131974628665,0.0850577028012967,0.912679835315313,0.133871716321831,0.236485026518954,0.761252511597656,0.121881090873808,0.259986220549187,0.737751317567422,0.000695705469137682,0.0925133430607113,1,39.8114236474037
8,"from_data",14,7,0.01716,0.324037,100,2,0.323313983834999,5,5,0.217961065166259,0.210334122438435,-0.194286239532911,0.630208369865429,0.133871716321831,-0.0444226773730916,0.48034480770561,0.121881090873808,-0.0209214833428585,0.456843613675377,0.000695705469137682,0.0925133430607113,1,39.8114236474037
8,"from_data",14,7,0.01716,0.324037,100,2,0.473313967669998,5,6,0.738187850954507,0.236696006890347,0.274272202164982,1.20210349974403,0.133871716321831,0.475804108415156,1.00057159349386,0.121881090873808,0.499305302445389,0.977070399463624,0.000695705469137682,0.0925133430607113,1,39.8114236474037
8,"from_data",14,7,0.01716,0.324037,100,2,0.623313951504997,5,7,0.439347574379911,0.25038787988207,-0.051403652354288,0.930098801114109,0.133871716321831,0.17696383184056,0.701731316919262,0.121881090873808,0.200465025870793,0.678230122889028,0.000695705469137682,0.0925133430607113,1,39.8114236474037
8,"from_data",14,7,0.01716,0.324037,100,2,0.173314,1,0,-0.131262107991535,0.112129755330186,-0.351032390033988,0.0885081740509185,0.122823742498382,-0.371992219734785,0.109468003751715,0.103159703631077,-0.333451411764272,0.0709271957812024,0.0312795404079668,NA,1,39.8114236474037
8,"from_data",14,7,0.01716,0.324037,100,2,-0.276685951504997,1,1,-0.131262107991535,0.112129755330186,-0.351032390033988,0.0885081740509185,0.122823742498382,-0.371992219734785,0.109468003751715,0.103159703631077,-0.333451411764272,0.0709271957812024,0.0312795404079668,NA,1,39.8114236474037
8,"from_data",14,7,0.01716,0.324037,100,2,-0.126685967669998,1,2,-0.131262107991535,0.112129755330186,-0.351032390033988,0.0885081740509185,0.122823742498382,-0.371992219734785,0.109468003751715,0.103159703631077,-0.333451411764272,0.0709271957812024,0.0312795404079668,NA,1,39.8114236474037
8,"from_data",14,7,0.01716,0.324037,100,2,0.0233140161650009,1,3,-0.131262107991535,0.112129755330186,-0.351032390033988,0.0885081740509185,0.122823742498382,-0.371992219734785,0.109468003751715,0.103159703631077,-0.333451411764272,0.0709271957812024,0.0312795404079668,NA,1,39.8114236474037
8,"from_data",14,7,0.01716,0.324037,100,2,0.173314,1,4,-0.131262107991535,0.112129755330186,-0.351032390033988,0.0885081740509185,0.122823742498382,-0.371992219734785,0.109468003751715,0.103159703631077,-0.333451411764272,0.0709271957812024,0.0312795404079668,NA,1,39.8114236474037
8,"from_data",14,7,0.01716,0.324037,100,2,0.323313983834999,1,5,-0.131262107991535,0.112129755330186,-0.351032390033988,0.0885081740509185,0.122823742498382,-0.371992219734785,0.109468003751715,0.103159703631077,-0.333451411764272,0.0709271957812024,0.0312795404079668,NA,1,39.8114236474037
8,"from_data",14,7,0.01716,0.324037,100,2,0.473313967669998,1,6,-0.131262107991535,0.112129755330186,-0.351032390033988,0.0885081740509185,0.122823742498382,-0.371992219734785,0.109468003751715,0.103159703631077,-0.333451411764272,0.0709271957812024,0.0312795404079668,NA,1,39.8114236474037
8,"from_data",14,7,0.01716,0.324037,100,2,0.623313951504997,1,7,-0.131262107991535,0.112129755330186,-0.351032390033988,0.0885081740509185,0.122823742498382,-0.371992219734785,0.109468003751715,0.103159703631077,-0.333451411764272,0.0709271957812024,0.0312795404079668,NA,1,39.8114236474037
8,"from_data",14,7,0.01716,0.324037,100,2,0.173314,4,0,0.17335966832918,0.141255165090415,-0.103495367878293,0.450214704536654,0.139797552281997,-0.100638499270389,0.447357835928749,0.133235645033301,-0.0877773973930515,0.434496734051412,0.0204861910681403,NA,1,39.8114236474037
8,"from_data",14,7,0.01716,0.324037,100,2,-0.276685951504997,4,1,-0.108841376210976,0.121872417250141,-0.347706924730089,0.130024172308138,0.139797552281997,-0.382839543810545,0.165156791388594,0.133235645033301,-0.369978441933207,0.152295689511256,0.0204861910681403,NA,1,39.8114236474037
8,"from_data",14,7,0.01716,0.324037,100,2,-0.126685967669998,4,2,-0.0243560122145094,0.142882225245152,-0.304400027725948,0.255688003296929,0.139797552281997,-0.298354179814079,0.24964215538506,0.133235645033301,-0.285493077936741,0.236781053507722,0.0204861910681403,NA,1,39.8114236474037
8,"from_data",14,7,0.01716,0.324037,100,2,0.0233140161650009,4,3,0.0172188966351526,0.15526346391571,-0.287091900754573,0.321529694024878,0.139797552281997,-0.256779270964416,0.291217064234722,0.133235645033301,-0.243918169087079,0.278355962357384,0.0204861910681403,NA,1,39.8114236474037
8,"from_data",14,7,0.01716,0.324037,100,2,0.173314,4,4,0.0618655474345744,0.18241828890146,-0.295667728933711,0.419398823802859,0.139797552281997,-0.212132620164995,0.335863715034143,0.133235645033301,-0.199271518287657,0.323002613156806,0.0204861910681403,NA,1,39.8114236474037
8,"from_data",14,7,0.01716,0.324037,100,2,0.323313983834999,4,5,-0.0577528062033217,0.201572184290819,-0.452827027698397,0.337321415291754,0.139797552281997,-0.331750973802891,0.216245361396247,0.133235645033301,-0.318889871925554,0.20338425951891,0.0204861910681403,NA,1,39.8114236474037
8,"from_data",14,7,0.01716,0.324037,100,2,0.473313967669998,4,6,0.611654563676992,0.265096015326839,0.0920759211913089,1.13123320616268,0.139797552281997,0.337656396077423,0.885652731276561,0.133235645033301,0.35051749795476,0.872791629399224,0.0204861910681403,NA,1,39.8114236474037
8,"from_data",14,7,0.01716,0.324037,100,2,0.623313951504997,4,7,0.71372886518635,0.336205899512269,0.0547774107524096,1.37268031962029,0.139797552281997,0.439730697586781,0.987727032785919,0.133235645033301,0.452591799464118,0.974865930908582,0.0204861910681403,NA,1,39.8114236474037
8,"from_data",14,7,0.01716,0.324037,100,2,0.173314,5,0,-0.131247392066199,0.112155023761249,-0.351067199323482,0.088572415191083,0.156000336872817,-0.437002433913036,0.174507649780638,0.159695867373622,-0.444245540598383,0.181750756465985,0.0312832380690504,6.59190410400958e-10,1,39.8114236474037
8,"from_data",14,7,0.01716,0.324037,100,2,-0.276685951504997,5,1,-0.131247397972982,0.112155026699996,-0.351067210990102,0.088572415044137,0.156000336872817,-0.43700243981982,0.174507643873855,0.159695867373622,-0.444245546505166,0.181750750559201,0.0312832380690504,6.59190410400958e-10,1,39.8114236474037
8,"from_data",14,7,0.01716,0.324037,100,2,-0.126685967669998,5,2,-0.131247392561908,0.112155026699996,-0.351067205579028,0.0885724204552111,0.156000336872817,-0.437002434408746,0.174507649284929,0.159695867373622,-0.444245541094092,0.181750755970275,0.0312832380690504,6.59190410400958e-10,1,39.8114236474037
8,"from_data",14,7,0.01716,0.324037,100,2,0.0233140161650009,5,3,-0.131247392964604,0.112155026699996,-0.351067205981724,0.0885724200525151,0.156000336872817,-0.437002434811442,0.174507648882233,0.159695867373622,-0.444245541496788,0.181750755567579,0.0312832380690504,6.59190410400958e-10,1,39.8114236474037
8,"from_data",14,7,0.01716,0.324037,100,2,0.173314,5,4,-0.13124739200951,0.112155026699996,-0.351067205026629,0.08857242100761,0.156000336872817,-0.437002433856347,0.174507649837327,0.159695867373622,-0.444245540541694,0.181750756522674,0.0312832380690504,6.59190410400958e-10,1,39.8114236474037
8,"from_data",14,7,0.01716,0.324037,100,2,0.323313983834999,5,5,-0.131247397378051,0.112155026699996,-0.35106721039517,0.088572415639069,0.156000336872817,-0.437002439224888,0.174507644468786,0.159695867373622,-0.444245545910235,0.181750751154133,0.0312832380690504,6.59190410400958e-10,1,39.8114236474037
8,"from_data",14,7,0.01716,0.324037,100,2,0.473313967669998,5,6,-0.131247384449306,0.112155026699996,-0.351067197466425,0.0885724285678142,0.156000336872817,-0.437002426296143,0.174507657397532,0.159695867373622,-0.444245532981489,0.181750764082878,0.0312832380690504,6.59190410400958e-10,1,39.8114236474037
8,"from_data",14,7,0.01716,0.324037,100,2,0.623313951504997,5,7,-0.131247387300017,0.112155026699996,-0.351067200317137,0.0885724257171024,0.156000336872817,-0.437002429146854,0.17450765454682,0.159695867373622,-0.444245535832201,0.181750761232167,0.0312832380690504,6.59190410400958e-10,1,39.8114236474037
8,"from_data",14,7,0.01716,0.324037,100,2,0.173314,1,0,-0.147116319320549,0.106789053555401,-0.356419018232254,0.0621863795911555,0.106736896831368,-0.356316792931598,0.0620841542904998,0.0982865724840071,-0.339754461553089,0.0455218229119901,0.0184150610040085,NA,1,39.8114236474037
8,"from_data",14,7,0.01716,0.324037,100,2,-0.276685951504997,1,1,-0.147116319320549,0.106789053555401,-0.356419018232254,0.0621863795911555,0.106736896831368,-0.356316792931598,0.0620841542904998,0.0982865724840071,-0.339754461553089,0.0455218229119901,0.0184150610040085,NA,1,39.8114236474037
8,"from_data",14,7,0.01716,0.324037,100,2,-0.126685967669998,1,2,-0.147116319320549,0.106789053555401,-0.356419018232254,0.0621863795911555,0.106736896831368,-0.356316792931598,0.0620841542904998,0.0982865724840071,-0.339754461553089,0.0455218229119901,0.0184150610040085,NA,1,39.8114236474037
8,"from_data",14,7,0.01716,0.324037,100,2,0.0233140161650009,1,3,-0.147116319320549,0.106789053555401,-0.356419018232254,0.0621863795911555,0.106736896831368,-0.356316792931598,0.0620841542904998,0.0982865724840071,-0.339754461553089,0.0455218229119901,0.0184150610040085,NA,1,39.8114236474037
8,"from_data",14,7,0.01716,0.324037,100,2,0.173314,1,4,-0.147116319320549,0.106789053555401,-0.356419018232254,0.0621863795911555,0.106736896831368,-0.356316792931598,0.0620841542904998,0.0982865724840071,-0.339754461553089,0.0455218229119901,0.0184150610040085,NA,1,39.8114236474037
8,"from_data",14,7,0.01716,0.324037,100,2,0.323313983834999,1,5,-0.147116319320549,0.106789053555401,-0.356419018232254,0.0621863795911555,0.106736896831368,-0.356316792931598,0.0620841542904998,0.0982865724840071,-0.339754461553089,0.0455218229119901,0.0184150610040085,NA,1,39.8114236474037
8,"from_data",14,7,0.01716,0.324037,100,2,0.473313967669998,1,6,-0.147116319320549,0.106789053555401,-0.356419018232254,0.0621863795911555,0.106736896831368,-0.356316792931598,0.0620841542904998,0.0982865724840071,-0.339754461553089,0.0455218229119901,0.0184150610040085,NA,1,39.8114236474037
8,"from_data",14,7,0.01716,0.324037,100,2,0.623313951504997,1,7,-0.147116319320549,0.106789053555401,-0.356419018232254,0.0621863795911555,0.106736896831368,-0.356316792931598,0.0620841542904998,0.0982865724840071,-0.339754461553089,0.0455218229119901,0.0184150610040085,NA,1,39.8114236474037
8,"from_data",14,7,0.01716,0.324037,100,2,0.173314,4,0,0.193555123065476,0.141302487087401,-0.0833926625517661,0.470502908682717,0.151896152100999,-0.104155864442701,0.491266110573652,0.128049901940761,-0.0574180729623006,0.444528319093252,0.0149133187028683,NA,1,39.8114236474037
8,"from_data",14,7,0.01716,0.324037,100,2,-0.276685951504997,4,1,-0.144367412295023,0.122047556562577,-0.383576227558789,0.0948414029687434,0.151896152100999,-0.442078399803199,0.153343575213154,0.128049901940761,-0.395340608322799,0.106605783732753,0.0149133187028683,NA,1,39.8114236474037
8,"from_data",14,7,0.01716,0.324037,100,2,-0.126685967669998,4,2,-0.103016744292115,0.143028240723072,-0.38334694488146,0.177313456297231,0.151896152100999,-0.400727731800291,0.194694243216062,0.128049901940761,-0.353989940319891,0.147956451735662,0.0149133187028683,NA,1,39.8114236474037
8,"from_data",14,7,0.01716,0.324037,100,2,0.0233140161650009,4,3,-0.00989002380487529,0.155589727711721,-0.314840286484241,0.295060238874491,0.151896152100999,-0.307601011313052,0.287820963703301,0.128049901940761,-0.260863219832652,0.241083172222901,0.0149133187028683,NA,1,39.8114236474037
8,"from_data",14,7,0.01716,0.324037,100,2,0.173314,4,4,0.0501152501635068,0.185016538911679,-0.312510502647637,0.412741002974651,0.151896152100999,-0.24759573734467,0.347826237671683,0.128049901940761,-0.200857945864269,0.301088446191283,0.0149133187028683,NA,1,39.8114236474037
8,"from_data",14,7,0.01716,0.324037,100,2,0.323313983834999,4,5,0.191619591854778,0.203757709942737,-0.207738181205344,0.590977364914901,0.151896152100999,-0.106091395653398,0.489330579362955,0.128049901940761,-0.0593536041729981,0.442592787882554,0.0149133187028683,NA,1,39.8114236474037
8,"from_data",14,7,0.01716,0.324037,100,2,0.473313967669998,4,6,0.529362421822239,0.265630424505161,0.00873635659403738,1.04998848705044,0.151896152100999,0.231651434314062,0.827073409330415,0.128049901940761,0.278389225794462,0.780335617850015,0.0149133187028683,NA,1,39.8114236474037
8,"from_data",14,7,0.01716,0.324037,100,2,0.623313951504997,4,7,0.841062778009819,0.346268991996175,0.162388024734327,1.51973753128531,0.151896152100999,0.543351790501642,1.138773765518,0.128049901940761,0.590089581982042,1.09203597403759,0.0149133187028683,NA,1,39.8114236474037
8,"from_data",14,7,0.01716,0.324037,100,2,0.173314,5,0,-0.147123967529932,0.106790873934024,-0.356430234318176,0.0621822992583127,0.186991317010251,-0.513620214291735,0.219372279231871,0.151454526068669,-0.443969383920106,0.149721448860242,0.0184153645231906,1.23431346024031e-10,1,39.8114236474037
8,"from_data",14,7,0.01716,0.324037,100,2,-0.276685951504997,5,1,-0.147123969000105,0.106790874511936,-0.356430236921035,0.0621822989208249,0.186991317010251,-0.513620215761908,0.219372277761698,0.151454526068669,-0.443969385390279,0.149721447390069,0.0184153645231906,1.23431346024031e-10,1,39.8114236474037
8,"from_data",14,7,0.01716,0.324037,100,2,-0.126685967669998,5,2,-0.147123968327301,0.106790874511936,-0.356430236248231,0.0621822995936292,0.186991317010251,-0.513620215089104,0.219372278434502,0.151454526068669,-0.443969384717475,0.149721448062873,0.0184153645231906,1.23431346024031e-10,1,39.8114236474037
8,"from_data",14,7,0.01716,0.324037,100,2,0.0233140161650009,5,3,-0.147123967869467,0.106790874511936,-0.356430235790397,0.0621823000514631,0.186991317010251,-0.51362021463127,0.219372278892336,0.151454526068669,-0.443969384259641,0.149721448520707,0.0184153645231906,1.23431346024031e-10,1,39.8114236474037
8,"from_data",14,7,0.01716,0.324037,100,2,0.173314,5,4,-0.147123967606533,0.106790874511936,-0.356430235527463,0.0621823003143975,0.186991317010251,-0.513620214368336,0.21937227915527,0.151454526068669,-0.443969383996707,0.149721448783641,0.0184153645231906,1.23431346024031e-10,1,39.8114236474037
8,"from_data",14,7,0.01716,0.324037,100,2,0.323313983834999,5,5,-0.147123967010247,0.106790874511936,-0.356430234931177,0.0621823009106836,0.186991317010251,-0.51362021377205,0.219372279751557,0.151454526068669,-0.44396938340042,0.149721449379927,0.0184153645231906,1.23431346024031e-10,1,39.8114236474037
8,"from_data",14,7,0.01716,0.324037,100,2,0.473313967669998,5,6,-0.147123966432378,0.106790874511936,-0.356430234353308,0.0621823014885527,0.186991317010251,-0.513620213194181,0.219372280329426,0.151454526068669,-0.443969382822551,0.149721449957796,0.0184153645231906,1.23431346024031e-10,1,39.8114236474037
8,"from_data",14,7,0.01716,0.324037,100,2,0.623313951504997,5,7,-0.147123966500669,0.106790874511936,-0.356430234421599,0.0621823014202614,0.186991317010251,-0.513620213262472,0.219372280261134,0.151454526068669,-0.443969382890843,0.149721449889505,0.0184153645231906,1.23431346024031e-10,1,39.8114236474037
8,"from_data",14,7,0.01716,0.324037,100,2,0.173314,1,0,-0.289399535822673,0.11139990100743,-0.507739329678563,-0.0710597419667834,0.11685665561576,-0.518434372183364,-0.0603646994619826,0.0993609221984702,-0.484143364802361,-0.0946557068429852,0.0229740675798215,NA,1,39.8114236474037
8,"from_data",14,7,0.01716,0.324037,100,2,-0.276685951504997,1,1,-0.289399535822673,0.11139990100743,-0.507739329678563,-0.0710597419667834,0.11685665561576,-0.518434372183364,-0.0603646994619826,0.0993609221984702,-0.484143364802361,-0.0946557068429852,0.0229740675798215,NA,1,39.8114236474037
8,"from_data",14,7,0.01716,0.324037,100,2,-0.126685967669998,1,2,-0.289399535822673,0.11139990100743,-0.507739329678563,-0.0710597419667834,0.11685665561576,-0.518434372183364,-0.0603646994619826,0.0993609221984702,-0.484143364802361,-0.0946557068429852,0.0229740675798215,NA,1,39.8114236474037
8,"from_data",14,7,0.01716,0.324037,100,2,0.0233140161650009,1,3,-0.289399535822673,0.11139990100743,-0.507739329678563,-0.0710597419667834,0.11685665561576,-0.518434372183364,-0.0603646994619826,0.0993609221984702,-0.484143364802361,-0.0946557068429852,0.0229740675798215,NA,1,39.8114236474037
8,"from_data",14,7,0.01716,0.324037,100,2,0.173314,1,4,-0.289399535822673,0.11139990100743,-0.507739329678563,-0.0710597419667834,0.11685665561576,-0.518434372183364,-0.0603646994619826,0.0993609221984702,-0.484143364802361,-0.0946557068429852,0.0229740675798215,NA,1,39.8114236474037
8,"from_data",14,7,0.01716,0.324037,100,2,0.323313983834999,1,5,-0.289399535822673,0.11139990100743,-0.507739329678563,-0.0710597419667834,0.11685665561576,-0.518434372183364,-0.0603646994619826,0.0993609221984702,-0.484143364802361,-0.0946557068429852,0.0229740675798215,NA,1,39.8114236474037
8,"from_data",14,7,0.01716,0.324037,100,2,0.473313967669998,1,6,-0.289399535822673,0.11139990100743,-0.507739329678563,-0.0710597419667834,0.11685665561576,-0.518434372183364,-0.0603646994619826,0.0993609221984702,-0.484143364802361,-0.0946557068429852,0.0229740675798215,NA,1,39.8114236474037
8,"from_data",14,7,0.01716,0.324037,100,2,0.623313951504997,1,7,-0.289399535822673,0.11139990100743,-0.507739329678563,-0.0710597419667834,0.11685665561576,-0.518434372183364,-0.0603646994619826,0.0993609221984702,-0.484143364802361,-0.0946557068429852,0.0229740675798215,NA,1,39.8114236474037
8,"from_data",14,7,0.01716,0.324037,100,2,0.173314,4,0,0.0861268636764251,0.125675763733955,-0.160193106971692,0.332446834324543,0.131832009478514,-0.172259126911006,0.344512854263856,0.122850536137226,-0.154655762633975,0.326909489986825,0.0090299883512478,NA,1,39.8114236474037
8,"from_data",14,7,0.01716,0.324037,100,2,-0.276685951504997,4,1,-0.391373060259264,0.115333306698132,-0.617422187605514,-0.165323932913014,0.131832009478514,-0.649759050846695,-0.132987069671833,0.122850536137226,-0.632155686569664,-0.150590433948864,0.0090299883512478,NA,1,39.8114236474037
8,"from_data",14,7,0.01716,0.324037,100,2,-0.126685967669998,4,2,-0.139864040923211,0.135403386908692,-0.405249802648989,0.125521720802568,0.131832009478514,-0.398250031510642,0.118521949664221,0.122850536137226,-0.38064666723361,0.100918585387189,0.0090299883512478,NA,1,39.8114236474037
8,"from_data",14,7,0.01716,0.324037,100,2,0.0233140161650009,4,3,-0.00967044826350118,0.145915338648152,-0.295659256805845,0.276318360278843,0.131832009478514,-0.268056438850932,0.24871554232393,0.122850536137226,-0.250453074573901,0.231112178046898,0.0090299883512478,NA,1,39.8114236474037
8,"from_data",14,7,0.01716,0.324037,100,2,0.173314,4,4,-0.00248767575573844,0.171531744778825,-0.338683717727551,0.333708366216075,0.131832009478514,-0.26087366634317,0.255898314831693,0.122850536137226,-0.243270302066138,0.238294950554661,0.0090299883512478,NA,1,39.8114236474037
8,"from_data",14,7,0.01716,0.324037,100,2,0.323313983834999,4,5,0.315782703793832,0.195596931844544,-0.0675802381080101,0.699145645695675,0.131832009478514,0.0573967132064012,0.574168694381264,0.122850536137226,0.0750000774834327,0.556565330104232,0.0090299883512478,NA,1,39.8114236474037
8,"from_data",14,7,0.01716,0.324037,100,2,0.473313967669998,4,6,0.208035344279511,0.238419003694277,-0.259257316191193,0.675328004750216,0.131832009478514,-0.0503506463079199,0.466421334866942,0.122850536137226,-0.0327472820308883,0.448817970589911,0.0090299883512478,NA,1,39.8114236474037
8,"from_data",14,7,0.01716,0.324037,100,2,0.623313951504997,4,7,0.622465222863346,0.334280893998587,-0.0327132900937357,1.27764373582043,0.131832009478514,0.364079232275915,0.880851213450777,0.122850536137226,0.381682596552947,0.863247849173746,0.0090299883512478,NA,1,39.8114236474037
8,"from_data",14,7,0.01716,0.324037,100,2,0.173314,5,0,-0.0727451247745298,0.160703643336362,-0.38771847789817,0.24222822834911,0.14848827407266,-0.363776794083456,0.218286544534396,0.135947665102612,-0.339197652157962,0.193707402608902,0.012930553504952,0.0367708058769477,1,39.8114236474037
8,"from_data",14,7,0.01716,0.324037,100,2,-0.276685951504997,5,1,-0.37356448581832,0.181532718186742,-0.729362075479994,-0.0177668961566452,0.14848827407266,-0.664596155127245,-0.0825328165093938,0.135947665102612,-0.640017013201752,-0.107111958434887,0.012930553504952,0.0367708058769477,1,39.8114236474037
8,"from_data",14,7,0.01716,0.324037,100,2,-0.126685967669998,5,2,-0.166111816195077,0.187301108046773,-0.533215242231198,0.200991609841044,0.14848827407266,-0.457143485504003,0.124919853113849,0.135947665102612,-0.432564343578509,0.100340711188355,0.012930553504952,0.0367708058769477,1,39.8114236474037
8,"from_data",14,7,0.01716,0.324037,100,2,0.0233140161650009,5,3,-0.0830611607445606,0.188248179155946,-0.452020812045459,0.285898490556337,0.14848827407266,-0.374092830053486,0.207970508564365,0.135947665102612,-0.349513688127993,0.183391366638872,0.012930553504952,0.0367708058769477,1,39.8114236474037
8,"from_data",14,7,0.01716,0.324037,100,2,0.173314,5,4,-0.0899198879189674,0.195436581450312,-0.472968548823208,0.293128772985273,0.14848827407266,-0.380951557227893,0.201111781389958,0.135947665102612,-0.3563724153024,0.176532639464465,0.012930553504952,0.0367708058769477,1,39.8114236474037
8,"from_data",14,7,0.01716,0.324037,100,2,0.323313983834999,5,5,0.0963372547683342,0.19980078468192,-0.295265087291072,0.48793959682774,0.14848827407266,-0.194694414540591,0.38736892407726,0.135947665102612,-0.170115272615098,0.362789782151766,0.012930553504952,0.0367708058769477,1,39.8114236474037
8,"from_data",14,7,0.01716,0.324037,100,2,0.473313967669998,5,6,-0.00348182386769016,0.209324455960267,-0.413750218633255,0.406786570897874,0.14848827407266,-0.294513493176616,0.287549845441236,0.135947665102612,-0.269934351251122,0.262970703515742,0.012930553504952,0.0367708058769477,1,39.8114236474037
8,"from_data",14,7,0.01716,0.324037,100,2,0.623313951504997,5,7,0.0984051330686078,0.222076033745749,-0.336855894902562,0.533666161039778,0.14848827407266,-0.192626536240318,0.389436802377533,0.135947665102612,-0.168047394314825,0.36485766045204,0.012930553504952,0.0367708058769477,1,39.8114236474037
8,"from_data",14,7,0.01716,0.324037,100,2,0.173314,1,0,-0.228793037921934,0.0997760201567638,-0.424350443949933,-0.0332356318939344,0.10401365513098,-0.432656055879025,-0.0249300199648425,0.105669701501234,-0.435901847121451,-0.0216842287224165,0.00282990081320046,NA,1,39.8114236474037
8,"from_data",14,7,0.01716,0.324037,100,2,-0.276685951504997,1,1,-0.228793037921934,0.0997760201567638,-0.424350443949933,-0.0332356318939344,0.10401365513098,-0.432656055879025,-0.0249300199648425,0.105669701501234,-0.435901847121451,-0.0216842287224165,0.00282990081320046,NA,1,39.8114236474037
8,"from_data",14,7,0.01716,0.324037,100,2,-0.126685967669998,1,2,-0.228793037921934,0.0997760201567638,-0.424350443949933,-0.0332356318939344,0.10401365513098,-0.432656055879025,-0.0249300199648425,0.105669701501234,-0.435901847121451,-0.0216842287224165,0.00282990081320046,NA,1,39.8114236474037
8,"from_data",14,7,0.01716,0.324037,100,2,0.0233140161650009,1,3,-0.228793037921934,0.0997760201567638,-0.424350443949933,-0.0332356318939344,0.10401365513098,-0.432656055879025,-0.0249300199648425,0.105669701501234,-0.435901847121451,-0.0216842287224165,0.00282990081320046,NA,1,39.8114236474037
8,"from_data",14,7,0.01716,0.324037,100,2,0.173314,1,4,-0.228793037921934,0.0997760201567638,-0.424350443949933,-0.0332356318939344,0.10401365513098,-0.432656055879025,-0.0249300199648425,0.105669701501234,-0.435901847121451,-0.0216842287224165,0.00282990081320046,NA,1,39.8114236474037
8,"from_data",14,7,0.01716,0.324037,100,2,0.323313983834999,1,5,-0.228793037921934,0.0997760201567638,-0.424350443949933,-0.0332356318939344,0.10401365513098,-0.432656055879025,-0.0249300199648425,0.105669701501234,-0.435901847121451,-0.0216842287224165,0.00282990081320046,NA,1,39.8114236474037
8,"from_data",14,7,0.01716,0.324037,100,2,0.473313967669998,1,6,-0.228793037921934,0.0997760201567638,-0.424350443949933,-0.0332356318939344,0.10401365513098,-0.432656055879025,-0.0249300199648425,0.105669701501234,-0.435901847121451,-0.0216842287224165,0.00282990081320046,NA,1,39.8114236474037
8,"from_data",14,7,0.01716,0.324037,100,2,0.623313951504997,1,7,-0.228793037921934,0.0997760201567638,-0.424350443949933,-0.0332356318939344,0.10401365513098,-0.432656055879025,-0.0249300199648425,0.105669701501234,-0.435901847121451,-0.0216842287224165,0.00282990081320046,NA,1,39.8114236474037
8,"from_data",14,7,0.01716,0.324037,100,2,0.173314,4,0,0.0636540188847903,0.132518261720591,-0.19607700138142,0.323385039151001,0.158694155451377,-0.247380810356909,0.374688848126489,0.153825133090041,-0.23783770188877,0.365145739658351,0.00140454979085694,NA,1,39.8114236474037
8,"from_data",14,7,0.01716,0.324037,100,2,-0.276685951504997,4,1,-0.435595422026799,0.117416145449412,-0.665726838311163,-0.205464005742435,0.158694155451377,-0.746630251268498,-0.1245605927851,0.153825133090041,-0.737087142800359,-0.134103701253239,0.00140454979085694,NA,1,39.8114236474037
8,"from_data",14,7,0.01716,0.324037,100,2,-0.126685967669998,4,2,-0.127577365075196,0.13586035540385,-0.393858768593554,0.138704038443162,0.158694155451377,-0.438612194316895,0.183457464166503,0.153825133090041,-0.429069085848756,0.173914355698364,0.00140454979085694,NA,1,39.8114236474037
8,"from_data",14,7,0.01716,0.324037,100,2,0.0233140161650009,4,3,-0.0628430193588906,0.149828137167048,-0.356500772077032,0.230814733359251,0.158694155451377,-0.37387784860059,0.248191809882808,0.153825133090041,-0.364334740132451,0.23864870141467,0.00140454979085694,NA,1,39.8114236474037
8,"from_data",14,7,0.01716,0.324037,100,2,0.173314,4,4,-0.301745721332813,0.168847845894208,-0.63268141815263,0.0291899754870028,0.158694155451377,-0.612780550574513,0.0092891079088856,0.153825133090041,-0.603237442106374,-0.000254000559253231,0.00140454979085694,NA,1,39.8114236474037
8,"from_data",14,7,0.01716,0.324037,100,2,0.323313983834999,4,5,0.427441444284233,0.196994232077477,0.0413398442502533,0.813543044318213,0.158694155451377,0.116406615042534,0.738476273525932,0.153825133090041,0.125949723510673,0.728933165057794,0.00140454979085694,NA,1,39.8114236474037
8,"from_data",14,7,0.01716,0.324037,100,2,0.473313967669998,4,6,0.298651942383786,0.250044127423164,-0.191425541911359,0.788729426678931,0.158694155451377,-0.0123828868579128,0.609686771625485,0.153825133090041,-0.00283977838977401,0.600143663157346,0.00140454979085694,NA,1,39.8114236474037
8,"from_data",14,7,0.01716,0.324037,100,2,0.623313951504997,4,7,0.647246273319212,0.350569903345912,-0.039858111302462,1.33435065794089,0.158694155451377,0.336211444077513,0.958281102560911,0.153825133090041,0.345754552545652,0.948737994092773,0.00140454979085694,NA,1,39.8114236474037
8,"from_data",14,7,0.01716,0.324037,100,2,0.173314,5,0,-0.0232112308475104,0.152580653559795,-0.322263816562292,0.275841354867271,0.14016079797269,-0.297921346918378,0.251498885223357,0.140981313523178,-0.29952952784609,0.253107066151069,2.1346834685633e-08,0.0864584572352669,1,39.8114236474037
8,"from_data",14,7,0.01716,0.324037,100,2,-0.276685951504997,5,1,-0.419110704236635,0.175139377741782,-0.762377576885283,-0.0758438315879865,0.14016079797269,-0.693820820307502,-0.144400588165768,0.140981313523178,-0.695429001235214,-0.142792407238056,2.1346834685633e-08,0.0864584572352669,1,39.8114236474037
8,"from_data",14,7,0.01716,0.324037,100,2,-0.126685967669998,5,2,-0.134449649446148,0.182536797316061,-0.492215198038915,0.223315899146619,0.14016079797269,-0.409159765517015,0.140260466624719,0.140981313523178,-0.410767946444727,0.141868647552431,2.1346834685633e-08,0.0864584572352669,1,39.8114236474037
8,"from_data",14,7,0.01716,0.324037,100,2,0.0233140161650009,5,3,-0.0865016085653785,0.183461556517974,-0.446079651888267,0.27307643475751,0.14016079797269,-0.361211724636246,0.188208507505489,0.140981313523178,-0.362819905563958,0.189816688433201,2.1346834685633e-08,0.0864584572352669,1,39.8114236474037
8,"from_data",14,7,0.01716,0.324037,100,2,0.173314,5,4,-0.289084208228231,0.191893274719347,-0.665188115553601,0.0870196990971394,0.14016079797269,-0.563794324299098,-0.0143740921573635,0.140981313523178,-0.56540250522681,-0.0127659112296514,2.1346834685633e-08,0.0864584572352669,1,39.8114236474037
8,"from_data",14,7,0.01716,0.324037,100,2,0.323313983834999,5,5,0.299330257966162,0.201371819160964,-0.0953512550906407,0.694011771022965,0.14016079797269,0.024620141895295,0.574040374037029,0.140981313523178,0.0230119609675829,0.575648554964741,2.1346834685633e-08,0.0864584572352669,1,39.8114236474037
8,"from_data",14,7,0.01716,0.324037,100,2,0.473313967669998,5,6,0.15989070955762,0.218768898261672,-0.268888451972765,0.588669871088005,0.14016079797269,-0.114819406513247,0.434600825628487,0.140981313523178,-0.116427587440959,0.436209006556199,2.1346834685633e-08,0.0864584572352669,1,39.8114236474037
8,"from_data",14,7,0.01716,0.324037,100,2,0.623313951504997,5,7,0.288818557514803,0.246713350051146,-0.194730723090666,0.772367838120271,0.14016079797269,0.0141084414439358,0.56352867358567,0.140981313523178,0.0125002605162237,0.565136854513382,2.1346834685633e-08,0.0864584572352669,1,39.8114236474037
8,"from_data",14,7,0.01716,0.324037,100,2,0.173314,1,0,-0.388481980672795,0.122698747954096,-0.628967107610981,-0.147996853734609,0.133852715240491,-0.650828481777053,-0.126135479568537,0.131889871651464,-0.646981379035274,-0.129982582310316,0.0698267195229591,NA,1,39.8114236474037
8,"from_data",14,7,0.01716,0.324037,100,2,-0.276685951504997,1,1,-0.388481980672795,0.122698747954096,-0.628967107610981,-0.147996853734609,0.133852715240491,-0.650828481777053,-0.126135479568537,0.131889871651464,-0.646981379035274,-0.129982582310316,0.0698267195229591,NA,1,39.8114236474037
8,"from_data",14,7,0.01716,0.324037,100,2,-0.126685967669998,1,2,-0.388481980672795,0.122698747954096,-0.628967107610981,-0.147996853734609,0.133852715240491,-0.650828481777053,-0.126135479568537,0.131889871651464,-0.646981379035274,-0.129982582310316,0.0698267195229591,NA,1,39.8114236474037
8,"from_data",14,7,0.01716,0.324037,100,2,0.0233140161650009,1,3,-0.388481980672795,0.122698747954096,-0.628967107610981,-0.147996853734609,0.133852715240491,-0.650828481777053,-0.126135479568537,0.131889871651464,-0.646981379035274,-0.129982582310316,0.0698267195229591,NA,1,39.8114236474037
8,"from_data",14,7,0.01716,0.324037,100,2,0.173314,1,4,-0.388481980672795,0.122698747954096,-0.628967107610981,-0.147996853734609,0.133852715240491,-0.650828481777053,-0.126135479568537,0.131889871651464,-0.646981379035274,-0.129982582310316,0.0698267195229591,NA,1,39.8114236474037
8,"from_data",14,7,0.01716,0.324037,100,2,0.323313983834999,1,5,-0.388481980672795,0.122698747954096,-0.628967107610981,-0.147996853734609,0.133852715240491,-0.650828481777053,-0.126135479568537,0.131889871651464,-0.646981379035274,-0.129982582310316,0.0698267195229591,NA,1,39.8114236474037
8,"from_data",14,7,0.01716,0.324037,100,2,0.473313967669998,1,6,-0.388481980672795,0.122698747954096,-0.628967107610981,-0.147996853734609,0.133852715240491,-0.650828481777053,-0.126135479568537,0.131889871651464,-0.646981379035274,-0.129982582310316,0.0698267195229591,NA,1,39.8114236474037
8,"from_data",14,7,0.01716,0.324037,100,2,0.623313951504997,1,7,-0.388481980672795,0.122698747954096,-0.628967107610981,-0.147996853734609,0.133852715240491,-0.650828481777053,-0.126135479568537,0.131889871651464,-0.646981379035274,-0.129982582310316,0.0698267195229591,NA,1,39.8114236474037
8,"from_data",14,7,0.01716,0.324037,100,2,0.173314,4,0,0.124771693368282,0.15800236034843,-0.18490724238696,0.434450629123524,0.150753978608411,-0.170700675230325,0.420244061966889,0.151305456069886,-0.171781551193102,0.421324937929666,0.0410870577207268,NA,1,39.8114236474037
8,"from_data",14,7,0.01716,0.324037,100,2,-0.276685951504997,4,1,-0.31181991712306,0.125776322345938,-0.558336979028998,-0.0653028552171215,0.150753978608411,-0.607292285721667,-0.016347548524453,0.151305456069886,-0.608373161684443,-0.0152666725616763,0.0410870577207268,NA,1,39.8114236474037
8,"from_data",14,7,0.01716,0.324037,100,2,-0.126685967669998,4,2,-0.296097314748018,0.14860347659271,-0.58735477684717,-0.00483985264886566,0.150753978608411,-0.591569683346625,-0.000624946149410999,0.151305456069886,-0.592650559309401,0.00045592981336573,0.0410870577207268,NA,1,39.8114236474037
8,"from_data",14,7,0.01716,0.324037,100,2,0.0233140161650009,4,3,0.05796816561063,0.165720016285108,-0.266837097825572,0.382773429046832,0.150753978608411,-0.237504202987977,0.353440534209237,0.151305456069886,-0.238585078950754,0.354521410172013,0.0410870577207268,NA,1,39.8114236474037
8,"from_data",14,7,0.01716,0.324037,100,2,0.173314,4,4,0.00303207645686929,0.194747476867178,-0.378665964282847,0.384730117196586,0.150753978608411,-0.292440292141738,0.298504445055476,0.151305456069886,-0.293521168104514,0.299585321018253,0.0410870577207268,NA,1,39.8114236474037
8,"from_data",14,7,0.01716,0.324037,100,2,0.323313983834999,4,5,0.254275114747818,0.223791921820133,-0.184348992050645,0.692899221546281,0.150753978608411,-0.0411972538507888,0.549747483346425,0.151305456069886,-0.0422781298135655,0.550828359309202,0.0410870577207268,NA,1,39.8114236474037
8,"from_data",14,7,0.01716,0.324037,100,2,0.473313967669998,4,6,0.558850910936686,0.282056657015483,0.00603002158657173,1.1116718002868,0.150753978608411,0.263378542338079,0.854323279535293,0.151305456069886,0.262297666375302,0.855404155498069,0.0410870577207268,NA,1,39.8114236474037
8,"from_data",14,7,0.01716,0.324037,100,2,0.623313951504997,4,7,0.607192817697048,0.359974844593141,-0.0983449130459104,1.31273054844001,0.150753978608411,0.311720449098441,0.902665186295655,0.151305456069886,0.310639573135665,0.903746062258432,0.0410870577207268,NA,1,39.8114236474037
8,"from_data",14,7,0.01716,0.324037,100,2,0.173314,5,0,-0.12127689592936,0.21203827887935,-0.536864285876747,0.294310494018027,0.18405513487797,-0.482018331459843,0.239464539601123,0.191765184894345,-0.49712975181094,0.25457595995222,0.0493667405509513,0.0411203416930484,1,39.8114236474037
8,"from_data",14,7,0.01716,0.324037,100,2,-0.276685951504997,5,1,-0.35678668600629,0.229706932976926,-0.807004001640221,0.0934306296276411,0.18405513487797,-0.717528121536773,0.00395474952419334,0.191765184894345,-0.732639541887871,0.0190661698752904,0.0493667405509513,0.0411203416930484,1,39.8114236474037
8,"from_data",14,7,0.01716,0.324037,100,2,-0.126685967669998,5,2,-0.344215065156655,0.234280157628678,-0.803395736401231,0.11496560608792,0.18405513487797,-0.704956500687139,0.016526370373828,0.191765184894345,-0.720067921038236,0.0316377907249251,0.0493667405509513,0.0411203416930484,1,39.8114236474037
8,"from_data",14,7,0.01716,0.324037,100,2,0.0233140161650009,5,3,-0.0969157087213793,0.235621894049768,-0.558726135028037,0.364894717585278,0.18405513487797,-0.457657144251863,0.263825726809104,0.191765184894345,-0.47276856460296,0.278937147160201,0.0493667405509513,0.0411203416930484,1,39.8114236474037
8,"from_data",14,7,0.01716,0.324037,100,2,0.173314,5,4,-0.159267627759946,0.241390943938333,-0.632385184073207,0.313849928553314,0.18405513487797,-0.52000906329043,0.201473807770537,0.191765184894345,-0.535120483641527,0.216585228121634,0.0493667405509513,0.0411203416930484,1,39.8114236474037
8,"from_data",14,7,0.01716,0.324037,100,2,0.323313983834999,5,5,-0.0180652769305133,0.2453937874323,-0.499028262327698,0.462897708466672,0.18405513487797,-0.378806712460997,0.34267615859997,0.191765184894345,-0.393918132812094,0.357787578951067,0.0493667405509513,0.0411203416930484,1,39.8114236474037
8,"from_data",14,7,0.01716,0.324037,100,2,0.473313967669998,5,6,0.0875072383330204,0.255491567128043,-0.413247031591641,0.588261508257682,0.18405513487797,-0.273234197197463,0.448248673863504,0.191765184894345,-0.28834561754856,0.463360094214601,0.0493667405509513,0.0411203416930484,1,39.8114236474037
8,"from_data",14,7,0.01716,0.324037,100,2,0.623313951504997,5,7,0.0275700950685758,0.265133969820173,-0.492082936857094,0.547223126994245,0.18405513487797,-0.333171340461908,0.388311530599059,0.191765184894345,-0.348282760813005,0.403422950950156,0.0493667405509513,0.0411203416930484,1,39.8114236474037
